AAA: 1.956264
AAC: 0.287805
AAG: 0.450081
AAT: 0.648941
ACA: 0.332709
ACC: 0.249252
ACG: 0.009866
ACT: 0.157873
AGA: 0.481263
AGC: 0.351337
AGG: 0.533082
AGT: 0.157526
ATA: 0.546079
ATC: 0.224995
ATG: 0.323085
ATT: 0.648818
CAA: 0.333650
CAC: 0.258584
CAG: 0.457436
CAT: 0.324267
CCA: 0.345187
CCC: 0.400793
CCG: 0.035320
CCT: 0.535627
CGA: 0.008981
CGC: 0.032308
CGG: 0.035489
CGT: 0.009813
CTA: 0.139808
CTC: 0.409148
CTG: 0.455595
CTT: 0.450549
GAA: 0.475973
GAC: 0.026940
GAG: 0.407330
GAT: 0.224406
GCA: 0.317022
GCC: 0.089137
GCG: 0.032266
GCT: 0.349228
GGA: 0.405344
GGC: 0.089129
GGG: 0.402479
GGT: 0.249318
GTA: 0.115421
GTC: 0.026917
GTG: 0.258511
GTT: 0.285845
TAA: 0.575254
TAC: 0.115871
TAG: 0.138869
TAT: 0.544633
TCA: 0.340931
TCC: 0.407024
TCG: 0.008879
TCT: 0.482154
TGA: 0.340268
TGC: 0.315128
TGG: 0.345569
TGT: 0.330838
TTA: 0.574062
TTC: 0.476505
TTG: 0.331341
TTT: 1.938404
