AAA: 0.033857
AAC: 0.118000
AAG: 0.297739
AAT: 0.010954
ACA: 0.103312
ACC: 0.460798
ACG: 0.569836
ACT: 0.042072
AGA: 0.213097
AGC: 0.544443
AGG: 0.196418
AGT: 0.036595
ATA: 0.009958
ATC: 0.444616
ATG: 0.230523
ATT: 0.008962
CAA: 0.155342
CAC: 0.391840
CAG: 0.880271
CAT: 0.244962
CCA: 0.455072
CCC: 0.120987
CCG: 2.463563
CCT: 0.205878
CGA: 1.068971
CGC: 3.068997
CGG: 2.484972
CGT: 0.596722
CTA: 0.052527
CTC: 0.236996
CTG: 0.813304
CTT: 0.323131
GAA: 0.337570
GAC: 0.714971
GAG: 0.220566
GAT: 0.431422
GCA: 0.533490
GCC: 3.044850
GCG: 3.031656
GCT: 0.520047
GGA: 0.175506
GGC: 3.029664
GGG: 0.120490
GGT: 0.445612
GTA: 0.042321
GTC: 0.698043
GTG: 0.380637
GTT: 0.109785
TAA: 0.004730
TAC: 0.043068
TAG: 0.048295
TAT: 0.007966
TCA: 0.314667
TCC: 0.180734
TCG: 1.065237
TCT: 0.221312
TGA: 0.290270
TGC: 0.513076
TGG: 0.441131
TGT: 0.105802
TTA: 0.003983
TTC: 0.331346
TTG: 0.138414
TTT: 0.031118
