AAA: 1.537526
AAC: 0.434338
AAG: 0.350807
AAT: 0.626960
ACA: 0.582128
ACC: 0.371562
ACG: 0.095753
ACT: 0.193952
AGA: 0.410012
AGC: 0.387291
AGG: 0.663329
AGT: 0.195247
ATA: 0.557782
ATC: 0.279659
ATG: 0.365062
ATT: 0.624634
CAA: 0.446555
CAC: 0.440476
CAG: 0.508579
CAT: 0.364596
CCA: 0.441849
CCC: 1.599270
CCG: 0.165113
CCT: 0.650518
CGA: 0.082019
CGC: 0.159684
CGG: 0.164356
CGT: 0.093929
CTA: 0.158687
CTC: 0.804002
CTG: 0.505406
CTT: 0.348461
GAA: 0.383283
GAC: 0.152194
GAG: 0.821376
GAT: 0.277850
GCA: 0.380574
GCC: 0.185254
GCG: 0.157851
GCT: 0.388403
GGA: 0.698705
GGC: 0.183797
GGG: 1.608657
GGT: 0.381185
GTA: 0.172150
GTC: 0.144857
GTG: 0.446039
GTT: 0.443649
TAA: 0.543591
TAC: 0.173394
TAG: 0.157902
TAT: 0.556355
TCA: 0.393382
TCC: 0.688091
TCG: 0.080388
TCT: 0.407085
TGA: 0.392397
TGC: 0.379421
TGG: 0.448111
TGT: 0.579338
TTA: 0.541254
TTC: 0.379689
TTG: 0.460429
TTT: 1.536907
