AAA: 0.190286
AAC: 0.123460
AAG: 0.252583
AAT: 0.015857
ACA: 0.095143
ACC: 0.580676
ACG: 0.471941
ACT: 0.044174
AGA: 0.136674
AGC: 1.263291
AGG: 0.185378
AGT: 0.045306
ATA: 0.007173
ATC: 0.225399
ATG: 0.215960
ATT: 0.024541
CAA: 0.149511
CAC: 0.625605
CAG: 1.262158
CAT: 0.239368
CCA: 0.645615
CCC: 0.319032
CCG: 2.352152
CCT: 0.180093
CGA: 0.727921
CGC: 2.974736
CGG: 2.384244
CGT: 0.453063
CTA: 0.047194
CTC: 0.221246
CTG: 1.362587
CTT: 0.227664
GAA: 0.260511
GAC: 0.518757
GAG: 0.234838
GAT: 0.204633
GCA: 1.125484
GCC: 2.514122
GCG: 3.009849
GCT: 1.408271
GGA: 0.184246
GGC: 2.560184
GGG: 0.265042
GGT: 0.621451
GTA: 0.058898
GTC: 0.502900
GTG: 0.656186
GTT: 0.120817
TAA: 0.010949
TAC: 0.069847
TAG: 0.038133
TAT: 0.006041
TCA: 0.305062
TCC: 0.188399
TCG: 0.700738
TCT: 0.131388
TGA: 0.272593
TGC: 1.239505
TGG: 0.679217
TGT: 0.092878
TTA: 0.010194
TTC: 0.252960
TTG: 0.150266
TTT: 0.189909
