AAA: 1.755605
AAC: 0.490127
AAG: 0.516901
AAT: 1.230508
ACA: 0.425105
ACC: 0.249162
ACG: 0.154087
ACT: 0.113106
AGA: 0.457889
AGC: 0.209820
AGG: 0.039341
AGT: 0.103271
ATA: 0.639296
ATC: 0.486302
ATG: 0.468817
ATT: 1.142537
CAA: 0.720164
CAC: 0.276482
CAG: 0.247522
CAT: 0.477560
CCA: 0.408712
CCC: 0.034424
CCG: 0.091796
CCT: 0.034424
CGA: 0.118570
CGC: 0.124581
CGG: 0.094528
CGT: 0.162283
CTA: 0.084147
CTC: 0.039341
CTG: 0.234955
CTT: 0.499962
GAA: 0.721257
GAC: 0.090704
GAG: 0.028413
GAT: 0.477013
GCA: 0.317462
GCC: 0.114199
GCG: 0.115292
GCT: 0.207635
GGA: 0.057373
GGC: 0.131138
GGG: 0.042620
GGT: 0.261182
GTA: 0.095621
GTC: 0.098900
GTG: 0.293420
GTT: 0.479199
TAA: 0.899932
TAC: 0.122395
TAG: 0.081415
TAT: 0.601048
TCA: 0.642574
TCC: 0.065022
TCG: 0.122942
TCT: 0.444775
TGA: 0.641482
TGC: 0.326205
TGG: 0.367732
TGT: 0.447507
TTA: 0.857859
TTC: 0.724536
TTG: 0.698854
TTT: 1.711893
