AAA: 0.475717
AAC: 0.242183
AAG: 0.458418
AAT: 0.778446
ACA: 0.328677
ACC: 0.242183
ACG: 0.043247
ACT: 0.441119
AGA: 0.380573
AGC: 0.112442
AGG: 0.147040
AGT: 0.268131
ATA: 0.691952
ATC: 0.172988
ATG: 1.029278
ATT: 1.141720
CAA: 0.406522
CAC: 0.233534
CAG: 0.164339
CAT: 0.138390
CCA: 0.172988
CCC: 0.008649
CCG: 0.017299
CCT: 0.147040
CGA: 0.025948
CGC: 0.025948
CGG: 0.008649
CGT: 0.060546
CTA: 0.441119
CTC: 0.077845
CTG: 0.527613
CTT: 0.562211
GAA: 0.354625
GAC: 0.051896
GAG: 0.103793
GAT: 0.795744
GCA: 0.155689
GCC: 0.043247
GCG: 0.025948
GCT: 0.510314
GGA: 0.112442
GGC: 0.008649
GGG: 0.000000
GGT: 0.717900
GTA: 0.389223
GTC: 0.051896
GTG: 0.683302
GTT: 2.257493
TAA: 1.055226
TAC: 0.432470
TAG: 0.354625
TAT: 1.262812
TCA: 0.138390
TCC: 0.103793
TCG: 0.025948
TCT: 0.432470
TGA: 0.916836
TGC: 0.544912
TGG: 0.691952
TGT: 2.352636
TTA: 1.288760
TTC: 0.389223
TTG: 1.894218
TTT: 0.735199
