AAA: 3.170311
AAC: 0.294193
AAG: 0.498693
AAT: 0.695460
ACA: 0.343861
ACC: 0.240992
ACG: 0.006888
ACT: 0.189227
AGA: 0.566963
AGC: 0.298795
AGG: 0.483062
AGT: 0.182828
ATA: 0.573715
ATC: 0.247520
ATG: 0.323267
ATT: 0.694989
CAA: 0.364452
CAC: 0.398406
CAG: 0.400105
CAT: 0.319048
CCA: 0.454910
CCC: 0.130689
CCG: 0.027529
CCT: 0.486175
CGA: 0.005089
CGC: 0.029175
CGG: 0.027368
CGT: 0.007005
CTA: 0.240969
CTC: 0.355299
CTG: 0.386701
CTT: 0.524218
GAA: 0.557180
GAC: 0.018502
GAG: 0.356355
GAT: 0.254689
GCA: 0.299696
GCC: 0.059408
GCG: 0.028844
GCT: 0.287856
GGA: 0.395767
GGC: 0.059252
GGG: 0.130596
GGT: 0.239400
GTA: 0.149595
GTC: 0.018298
GTG: 0.403975
GTT: 0.294402
TAA: 0.568151
TAC: 0.133739
TAG: 0.243070
TAT: 0.575078
TCA: 0.332719
TCC: 0.393217
TCG: 0.005318
TCT: 0.559066
TGA: 0.343722
TGC: 0.292971
TGG: 0.460176
TGT: 0.359061
TTA: 0.568747
TTC: 0.558136
TTG: 0.371083
TTT: 3.199780
