AAA: 3.529736
AAC: 0.744984
AAG: 0.627277
AAT: 0.223495
ACA: 0.725615
ACC: 0.184756
ACG: 0.159427
ACT: 0.248825
AGA: 0.694325
AGC: 0.146017
AGG: 0.256275
AGT: 0.162407
ATA: 0.220515
ATC: 0.159427
ATG: 0.414211
ATT: 0.293524
CAA: 0.710715
CAC: 0.186246
CAG: 0.180286
CAT: 0.141547
CCA: 0.220515
CCC: 1.202405
CCG: 0.068539
CCT: 0.095358
CGA: 0.172836
CGC: 0.061089
CGG: 0.056619
CGT: 0.062579
CTA: 0.439541
CTC: 0.110258
CTG: 0.481260
CTT: 0.563208
GAA: 0.695815
GAC: 0.044699
GAG: 0.271174
GAT: 0.415701
GCA: 0.120687
GCC: 0.074498
GCG: 0.038739
GCT: 0.718165
GGA: 0.229455
GGC: 0.061089
GGG: 0.846302
GGT: 0.455930
GTA: 0.123667
GTC: 0.029799
GTG: 0.604927
GTT: 0.645156
TAA: 0.312893
TAC: 0.141547
TAG: 0.169856
TAT: 0.317363
TCA: 0.297994
TCC: 0.074498
TCG: 0.031289
TCT: 0.525959
TGA: 0.613867
TGC: 0.545329
TGG: 0.636217
TGT: 1.406531
TTA: 0.333753
TTC: 0.536389
TTG: 0.627277
TTT: 1.320112
