AAA: 2.062456
AAC: 0.410950
AAG: 0.498848
AAT: 1.181197
ACA: 0.381270
ACC: 0.203477
ACG: 0.065353
ACT: 0.162668
AGA: 0.426361
AGC: 0.303932
AGG: 0.158958
AGT: 0.154392
ATA: 0.739140
ATC: 0.471451
ATG: 0.487147
ATT: 1.193753
CAA: 0.567625
CAC: 0.157246
CAG: 0.309640
CAT: 0.514829
CCA: 0.235726
CCC: 0.048800
CCG: 0.043093
CCT: 0.145545
CGA: 0.050513
CGC: 0.054793
CGG: 0.041666
CGT: 0.045947
CTA: 0.127566
CTC: 0.152394
CTG: 0.311923
CTT: 0.476873
GAA: 0.527957
GAC: 0.071631
GAG: 0.156675
GAT: 0.437776
GCA: 0.359581
GCC: 0.095888
GCG: 0.052225
GCT: 0.305644
GGA: 0.168090
GGC: 0.102167
GGG: 0.061357
GGT: 0.196914
GTA: 0.132132
GTC: 0.051940
GTG: 0.182930
GTT: 0.406384
TAA: 0.940619
TAC: 0.135842
TAG: 0.113582
TAT: 0.716309
TCA: 0.649530
TCC: 0.156104
TCG: 0.053081
TCT: 0.413233
TGA: 0.634404
TGC: 0.390117
TGG: 0.251707
TGT: 0.363291
TTA: 0.941476
TTC: 0.534806
TTG: 0.578470
TTT: 2.054466
