AAA: 2.155264
AAC: 0.508530
AAG: 0.917476
AAT: 1.062232
ACA: 0.379858
ACC: 0.164947
ACG: 0.117722
ACT: 0.288144
AGA: 0.767586
AGC: 0.328525
AGG: 0.150574
AGT: 0.282669
ATA: 0.738498
ATC: 0.473282
ATG: 0.446932
ATT: 1.120751
CAA: 0.569102
CAC: 0.145099
CAG: 0.306966
CAT: 0.487313
CCA: 0.269665
CCC: 0.012320
CCG: 0.104375
CCT: 0.146125
CGA: 0.127304
CGC: 0.128330
CGG: 0.108824
CGT: 0.124908
CTA: 0.259398
CTC: 0.099926
CTG: 0.312441
CTT: 0.871961
GAA: 1.036566
GAC: 0.082816
GAG: 0.105060
GAT: 0.443167
GCA: 0.323050
GCC: 0.092056
GCG: 0.137570
GCT: 0.322366
GGA: 0.164263
GGC: 0.108482
GGG: 0.009240
GGT: 0.156734
GTA: 0.217990
GTC: 0.086922
GTG: 0.153996
GTT: 0.533854
TAA: 0.871961
TAC: 0.219017
TAG: 0.263163
TAT: 0.798043
TCA: 0.496895
TCC: 0.160498
TCG: 0.127304
TCT: 0.737471
TGA: 0.466438
TGC: 0.319628
TGG: 0.266585
TGT: 0.387728
TTA: 0.914396
TTC: 0.959226
TTG: 0.571840
TTT: 2.165188
