AAA: 2.176420
AAC: 0.384895
AAG: 0.668497
AAT: 0.550921
ACA: 0.450139
ACC: 0.248908
ACG: 0.007363
ACT: 0.195840
AGA: 0.778779
AGC: 0.338634
AGG: 0.496977
AGT: 0.196691
ATA: 0.498584
ATC: 0.275910
ATG: 0.328024
ATT: 0.553360
CAA: 0.455809
CAC: 0.295554
CAG: 0.444241
CAT: 0.328213
CCA: 0.400338
CCC: 0.304319
CCG: 0.018134
CCT: 0.496238
CGA: 0.006028
CGC: 0.017399
CGG: 0.017710
CGT: 0.007197
CTA: 0.161675
CTC: 0.498942
CTG: 0.445171
CTT: 0.671294
GAA: 0.679111
GAC: 0.021955
GAG: 0.499932
GAT: 0.275992
GCA: 0.301722
GCC: 0.038682
GCG: 0.017174
GCT: 0.338372
GGA: 0.503823
GGC: 0.038664
GGG: 0.303877
GGT: 0.249777
GTA: 0.162243
GTC: 0.021855
GTG: 0.295323
GTT: 0.386095
TAA: 0.499940
TAC: 0.162202
TAG: 0.162072
TAT: 0.500745
TCA: 0.342737
TCC: 0.502235
TCG: 0.005748
TCT: 0.782966
TGA: 0.342139
TGC: 0.301346
TGG: 0.400027
TGT: 0.451724
TTA: 0.502846
TTC: 0.683117
TTG: 0.457989
TTT: 2.189981
