AAA: 0.098333
AAC: 0.199540
AAG: 0.244556
AAT: 0.025222
ACA: 0.127865
ACC: 0.654332
ACG: 0.398601
ACT: 0.067045
AGA: 0.180863
AGC: 0.974075
AGG: 0.234180
AGT: 0.063693
ATA: 0.008939
ATC: 0.327884
ATG: 0.187408
ATT: 0.021870
CAA: 0.172243
CAC: 0.547059
CAG: 1.484419
CAT: 0.196986
CCA: 0.699029
CCC: 0.064172
CCG: 2.101557
CCT: 0.270417
CGA: 1.049421
CGC: 2.569917
CGG: 2.043451
CGT: 0.385352
CTA: 0.079816
CTC: 0.326767
CTG: 1.417054
CTT: 0.263393
GAA: 0.451599
GAC: 0.460858
GAG: 0.271055
GAT: 0.314954
GCA: 0.966732
GCC: 2.348827
GCG: 2.423215
GCT: 0.935923
GGA: 0.288455
GGC: 2.225910
GGG: 0.048528
GGT: 0.624321
GTA: 0.090192
GTC: 0.444416
GTG: 0.490390
GTT: 0.166337
TAA: 0.014527
TAC: 0.100409
TAG: 0.067045
TAT: 0.010057
TCA: 0.240566
TCC: 0.328523
TCG: 1.012866
TCT: 0.200179
TGA: 0.223006
TGC: 0.940393
TGG: 0.630068
TGT: 0.121001
TTA: 0.012451
TTC: 0.448726
TTG: 0.155482
TTT: 0.087798
