AAA: 1.683252
AAC: 0.282005
AAG: 0.531732
AAT: 0.671508
ACA: 0.348887
ACC: 0.213448
ACG: 0.006986
ACT: 0.194863
AGA: 0.595780
AGC: 0.334183
AGG: 0.429737
AGT: 0.194585
ATA: 0.561874
ATC: 0.240766
ATG: 0.296612
ATT: 0.671380
CAA: 0.335938
CAC: 0.255106
CAG: 0.462650
CAT: 0.297081
CCA: 0.322295
CCC: 0.196910
CCG: 0.035929
CCT: 0.430367
CGA: 0.005663
CGC: 0.034450
CGG: 0.035630
CGT: 0.007052
CTA: 0.160228
CTC: 0.377490
CTG: 0.462338
CTT: 0.528416
GAA: 0.579483
GAC: 0.019717
GAG: 0.375958
GAT: 0.241296
GCA: 0.320374
GCC: 0.065854
GCG: 0.034218
GCT: 0.334121
GGA: 0.387341
GGC: 0.065541
GGG: 0.196322
GGT: 0.212238
GTA: 0.149855
GTC: 0.019589
GTG: 0.253371
GTT: 0.280755
TAA: 0.554967
TAC: 0.150705
TAG: 0.159247
TAT: 0.561775
TCA: 0.328595
TCC: 0.387791
TCG: 0.005751
TCT: 0.593211
TGA: 0.328148
TGC: 0.320454
TGG: 0.320542
TGT: 0.347189
TTA: 0.555838
TTC: 0.577309
TTG: 0.333691
TTT: 1.675525
