AAA: 4.113726
AAC: 0.320814
AAG: 0.526375
AAT: 0.644572
ACA: 0.394060
ACC: 0.214344
ACG: 0.036278
ACT: 0.178401
AGA: 0.584367
AGC: 0.357451
AGG: 0.432206
AGT: 0.179082
ATA: 0.521562
ATC: 0.240850
ATG: 0.333975
ATT: 0.646395
CAA: 0.385709
CAC: 0.430512
CAG: 0.537091
CAT: 0.332643
CCA: 0.325392
CCC: 0.315903
CCG: 0.044679
CCT: 0.432966
CGA: 0.009172
CGC: 0.038642
CGG: 0.044586
CGT: 0.036400
CTA: 0.146760
CTC: 0.388812
CTG: 0.539098
CTT: 0.528675
GAA: 0.545897
GAC: 0.024035
GAG: 0.387815
GAT: 0.241602
GCA: 0.387163
GCC: 0.082949
GCG: 0.038386
GCT: 0.358558
GGA: 0.381076
GGC: 0.082890
GGG: 0.316618
GGT: 0.215734
GTA: 0.136412
GTC: 0.024174
GTG: 0.431800
GTT: 0.323339
TAA: 0.537189
TAC: 0.135574
TAG: 0.147738
TAT: 0.524020
TCA: 0.330137
TCC: 0.381095
TCG: 0.009139
TCT: 0.585628
TGA: 0.330687
TGC: 0.387793
TGG: 0.327633
TGT: 0.396999
TTA: 0.539684
TTC: 0.546979
TTG: 0.388410
TTT: 4.134783
