AAA: 2.871397
AAC: 0.270981
AAG: 0.514371
AAT: 0.545883
ACA: 0.374903
ACC: 0.187453
ACG: 0.011374
ACT: 0.166075
AGA: 0.606832
AGC: 0.486738
AGG: 0.427606
AGT: 0.167389
ATA: 0.422949
ATC: 0.223745
ATG: 0.288505
ATT: 0.547650
CAA: 0.342603
CAC: 0.287436
CAG: 0.674213
CAT: 0.287920
CCA: 0.288016
CCC: 0.292106
CCG: 0.073935
CCT: 0.429943
CGA: 0.007848
CGC: 0.108543
CGG: 0.074035
CGT: 0.011367
CTA: 0.142452
CTC: 0.461537
CTG: 0.676275
CTT: 0.516179
GAA: 0.559127
GAC: 0.025177
GAG: 0.460653
GAT: 0.224773
GCA: 0.410049
GCC: 0.128619
GCG: 0.108682
GCT: 0.487265
GGA: 0.541022
GGC: 0.129263
GGG: 0.291952
GGT: 0.188256
GTA: 0.125747
GTC: 0.025310
GTG: 0.288520
GTT: 0.273158
TAA: 0.434278
TAC: 0.124860
TAG: 0.143054
TAT: 0.423777
TCA: 0.311741
TCC: 0.542982
TCG: 0.007762
TCT: 0.609621
TGA: 0.313395
TGC: 0.412607
TGG: 0.290225
TGT: 0.378325
TTA: 0.436083
TTC: 0.562091
TTG: 0.345986
TTT: 2.895762
