AAA: 3.313646
AAC: 0.278821
AAG: 0.582954
AAT: 0.728686
ACA: 0.332429
ACC: 0.239139
ACG: 0.011883
ACT: 0.193290
AGA: 0.653780
AGC: 0.306902
AGG: 0.454276
AGT: 0.194009
ATA: 0.605307
ATC: 0.257141
ATG: 0.322473
ATT: 0.729102
CAA: 0.348775
CAC: 0.254558
CAG: 0.420666
CAT: 0.322706
CCA: 0.333701
CCC: 0.530564
CCG: 0.060433
CCT: 0.454626
CGA: 0.009381
CGC: 0.063676
CGG: 0.060300
CGT: 0.011988
CTA: 0.165688
CTC: 0.427580
CTG: 0.421725
CTT: 0.584024
GAA: 0.613530
GAC: 0.022421
GAG: 0.426881
GAT: 0.257788
GCA: 0.289679
GCC: 0.099011
GCG: 0.063887
GCT: 0.307648
GGA: 0.413888
GGC: 0.099236
GGG: 0.437208
GGT: 0.238714
GTA: 0.146759
GTC: 0.022444
GTG: 0.254060
GTT: 0.281428
TAA: 0.602311
TAC: 0.146656
TAG: 0.166660
TAT: 0.605042
TCA: 0.360180
TCC: 0.414939
TCG: 0.009456
TCT: 0.653541
TGA: 0.360677
TGC: 0.289765
TGG: 0.332717
TGT: 0.335773
TTA: 0.601556
TTC: 0.614412
TTG: 0.351925
TTT: 3.346062
