AAA: 2.377893
AAC: 0.308433
AAG: 0.657367
AAT: 2.106067
ACA: 0.267932
ACC: 0.107484
ACG: 0.047511
ACT: 0.341145
AGA: 0.598173
AGC: 0.334914
AGG: 0.107484
AGT: 0.398003
ATA: 2.003256
ATC: 0.376973
ATG: 0.365290
ATT: 2.004035
CAA: 0.448630
CAC: 0.082560
CAG: 0.180698
CAT: 0.344261
CCA: 0.080224
CCC: 0.015577
CCG: 0.109821
CCT: 0.119167
CGA: 0.041280
CGC: 0.060752
CGG: 0.105926
CGT: 0.053742
CTA: 0.429937
CTC: 0.123840
CTG: 0.176804
CTT: 0.610635
GAA: 0.688522
GAC: 0.047511
GAG: 0.133187
GAT: 0.401118
GCA: 0.346598
GCC: 0.078666
GCG: 0.063089
GCT: 0.314664
GGA: 0.092686
GGC: 0.079445
GGG: 0.015577
GGT: 0.110600
GTA: 0.447851
GTC: 0.054521
GTG: 0.079445
GTT: 0.286624
TAA: 2.117750
TAC: 0.396445
TAG: 0.494583
TAT: 1.903560
TCA: 0.390993
TCC: 0.107484
TCG: 0.058415
TCT: 0.552219
TGA: 0.464986
TGC: 0.356723
TGG: 0.098917
TGT: 0.266374
TTA: 1.996246
TTC: 0.670608
TTG: 0.410465
TTT: 2.362315
