AAA: 0.779984
AAC: 0.263159
AAG: 0.282951
AAT: 0.435434
ACA: 0.209234
ACC: 0.355052
ACG: 0.301128
ACT: 0.075736
AGA: 0.236500
AGC: 0.525308
AGG: 0.109464
AGT: 0.083815
ATA: 0.308803
ATC: 0.457852
ATG: 0.443109
ATT: 0.459670
CAA: 0.290222
CAC: 0.375047
CAG: 0.809269
CAT: 0.454418
CCA: 0.457650
CCC: 0.061599
CCG: 0.900355
CCT: 0.108455
CGA: 0.329807
CGC: 1.299233
CGG: 0.911463
CGT: 0.311428
CTA: 0.047058
CTC: 0.110272
CTG: 0.773925
CTT: 0.287596
GAA: 0.377874
GAC: 0.249425
GAG: 0.116129
GAT: 0.442907
GCA: 0.600438
GCC: 1.014868
GCG: 1.303878
GCT: 0.484107
GGA: 0.137941
GGC: 1.030015
GGG: 0.068870
GGT: 0.335260
GTA: 0.101184
GTC: 0.263159
GTG: 0.357072
GTT: 0.270833
TAA: 0.347984
TAC: 0.093509
TAG: 0.048875
TAT: 0.317689
TCA: 0.522076
TCC: 0.120774
TCG: 0.327989
TCT: 0.226603
TGA: 0.505111
TGC: 0.549947
TGG: 0.425134
TGT: 0.227815
TTA: 0.367776
TTC: 0.366160
TTG: 0.279922
TTT: 0.764635
