AAA: 0.007785
AAC: 0.098795
AAG: 0.239367
AAT: 0.004057
ACA: 0.084979
ACC: 0.623582
ACG: 0.964923
ACT: 0.056799
AGA: 0.187612
AGC: 0.844418
AGG: 0.483010
AGT: 0.059540
ATA: 0.000987
ATC: 0.215792
ATG: 0.121273
ATT: 0.002741
CAA: 0.099234
CAC: 0.673253
CAG: 0.958454
CAT: 0.133554
CCA: 0.587068
CCC: 0.178730
CCG: 2.848388
CCT: 0.460641
CGA: 1.401113
CGC: 2.607596
CGG: 2.776677
CGT: 0.980165
CTA: 0.038378
CTC: 0.680052
CTG: 0.894528
CTT: 0.235748
GAA: 0.268643
GAC: 1.098149
GAG: 0.696170
GAT: 0.206910
GCA: 0.699350
GCC: 2.702663
GCG: 2.598824
GCT: 0.794527
GGA: 0.473580
GGC: 2.688956
GGG: 0.175002
GGT: 0.592002
GTA: 0.076207
GTC: 1.099903
GTG: 0.621060
GTT: 0.097589
TAA: 0.001974
TAC: 0.069080
TAG: 0.041667
TAT: 0.000658
TCA: 0.199783
TCC: 0.464479
TCG: 1.397385
TCT: 0.181471
TGA: 0.192327
TGC: 0.667442
TGG: 0.546607
TGT: 0.089804
TTA: 0.000987
TTC: 0.268205
TTG: 0.102304
TTT: 0.008443
