AAA: 0.297555
AAC: 0.669499
AAG: 0.622459
AAT: 0.452896
ACA: 0.724196
ACC: 0.274582
ACG: 0.049228
ACT: 0.493372
AGA: 0.492278
AGC: 0.210039
AGG: 0.175032
AGT: 0.190348
ATA: 0.357722
ATC: 0.158623
ATG: 0.793115
ATT: 0.601674
CAA: 0.664029
CAC: 0.344595
CAG: 0.223166
CAT: 0.266924
CCA: 0.245045
CCC: 0.009846
CCG: 0.012033
CCT: 0.105019
CGA: 0.080952
CGC: 0.015315
CGG: 0.016409
CGT: 0.053604
CTA: 0.553540
CTC: 0.089704
CTG: 0.626834
CTT: 0.644338
GAA: 0.503218
GAC: 0.096268
GAG: 0.202381
GAT: 0.501030
GCA: 0.229730
GCC: 0.047040
GCG: 0.020785
GCT: 0.735136
GGA: 0.180502
GGC: 0.048134
GGG: 0.002188
GGT: 0.633398
GTA: 0.252703
GTC: 0.092986
GTG: 0.638868
GTT: 0.960490
TAA: 0.654183
TAC: 0.494466
TAG: 0.207851
TAT: 0.653089
TCA: 0.319434
TCC: 0.094080
TCG: 0.040476
TCT: 0.491184
TGA: 0.885007
TGC: 0.800773
TGG: 0.668405
TGT: 1.221944
TTA: 0.807336
TTC: 0.499936
TTG: 1.041442
TTT: 0.117053
